           1   7.62939453E-06
           2  0.131537676    
           3  0.755605221    
           4  0.458650112    
           5  0.532767057    
           6  0.218959093    
           7   4.70445156E-02
           8  0.678864479    
           9  0.679296255    
          10  0.934692860    
          11  0.383502007    
          12  0.519416332    
          13  0.830965281    
          14   3.45718861E-02
          15   5.34615517E-02
          16  0.529700041    
          17  0.671149254    
          18   7.69805908E-03
          19  0.383415461    
          20   6.68420792E-02
          21  0.417485952    
          22  0.686772585    
          23  0.588976622    
          24  0.930436373    
          25  0.846166849    
          26  0.526928663    
          27   9.19647217E-02
          28  0.653918743    
          29  0.415999174    
          30  0.701190472    
          31  0.910320759    
          32  0.762197971    
          33  0.262452841    
          34   4.74643707E-02
          35  0.736081839    
          36  0.328234196    
          37  0.632638454    
          38  0.756410360    
          39  0.991037369    
          40  0.365338564    
          41  0.247038841    
          42  0.982550144    
          43  0.722660303    
          44  0.753355742    
          45  0.651518345    
          46   7.26857185E-02
          47  0.631634712    
          48  0.884706974    
          49  0.272709846    
          50  0.436411381    
          51  0.766494751    
          52  0.477731705    
          53  0.237774372    
          54  0.274906635    
          55  0.359264851    
          56  0.166507006    
          57  0.486517191    
          58  0.897656202    
          59  0.909208059    
          60   6.05642796E-02
          61  0.904653072    
          62  0.504522800    
          63  0.516291857    
          64  0.319032907    
          65  0.986641884    
          66  0.493976593    
          67  0.266144276    
          68   9.07328129E-02
          69  0.947764158    
          70   7.37490654E-02
          71  0.500706911    
          72  0.384141922    
          73  0.277081728    
          74  0.913817406    
          75  0.529747248    
          76  0.464445591    
          77  0.940979719    
          78   5.00838757E-02
          79  0.761514187    
          80  0.770204544    
          81  0.827817202    
          82  0.125365257    
          83   1.58674717E-02
          84  0.688455105    
          85  0.868247032    
          86  0.629543304    
          87  0.736224413    
          88  0.725411892    
          89  0.999457836    
          90  0.888571978    
          91  0.233194828    
          92  0.306321621    
          93  0.351015091    
          94  0.513273478    
          95  0.591113567    
          96  0.845981359    
          97  0.412080765    
          98  0.841510534    
          99  0.269317150    
         100  0.415394545    
         101  0.537303925    
         102  0.467917204    
         103  0.287212133    
         104  0.178327560    
         105  0.153719902    
         106  0.571654797    
         107  0.802405596    
         108   3.30536366E-02
         109  0.534449816    
         110  0.498480082    
         111  0.955360651    
         112  0.748292446    
         113  0.554583788    
         114  0.890737295    
         115  0.624849081    
         116  0.842039585    
         117  0.159767389    
         118  0.212751389    
         119  0.714709759    
         120  0.130427122    
         121   9.09903049E-02
         122  0.274588108    
         123   2.99954414E-03
         124  0.414293051    
         125   2.68762112E-02
         126  0.709819555    
         127  0.937897205    
         128  0.239910603    
         129  0.180895805    
         130  0.317539454    
         131  0.886990547    
         132  0.652058601    
         133  0.150334835    
         134  0.681346178    
         135  0.385814667    
         136  0.387725115    
         137  0.499740839    
         138  0.147532940    
         139  0.587186575    
         140  0.845575571    
         141  0.590108395    
         142  0.955408812    
         143  0.556145906    
         144  0.148151398    
         145  0.983304977    
         146  0.408766508    
         147  0.141819715    
         148  0.564898491    
         149  0.252126217    
         150  0.488514423    
         151  0.464030504    
         152  0.961095095    
         153  0.126030684    
         154  0.199757099    
         155  0.319249630    
         156  0.629269123    
         157  0.126712084    
         158  0.651253700    
         159  0.621634007    
         160  0.803072929    
         161  0.247841597    
         162  0.476431608    
         163  0.389313936    
         164  0.203250170    
         165   2.83751488E-02
         166  0.901673317    
         167  0.426497221    
         168  0.142020941    
         169  0.947486639    
         170  0.410312891    
         171  0.131188393    
         172  0.885648251    
         173   9.21735764E-02
         174  0.162198544    
         175   7.10635185E-02
         176  0.365338802    
         177  0.253057241    
         178  0.135109186    
         179  0.783153057    
         180  0.455307245    
         181  0.349524021    
         182  0.452300072    
         183  0.808944464    
         184  0.931674242    
         185  0.651645899    
         186  0.215248346    
         187  0.679592133    
         188  0.908921719    
         189  0.250125408    
         190  0.860859632    
         191  0.471262217    
         192  0.505955696    
         193  0.600393534    
         194  0.817561388    
         195  0.755843401    
         196  0.462244749    
         197  0.951367378    
         198  0.632738590    
         199  0.439330101    
         200  0.824697256    
         201  0.688980818    
         202  0.702206612    
         203  0.987145424    
         204  0.954414845    
         205  0.851269484    
         206  0.289316177    
         207  0.537425518    
         208  0.514434576    
         209  0.103433847    
         210  0.414028406    
         211  0.576716423    
         212  0.876565695    
         213  0.440038443    
         214  0.729747534    
         215  0.869263649    
         216  0.715642214    
         217  0.800720215    
         218  0.706535339    
         219  0.741715670    
         220   1.90923214E-02
         221  0.886030912    
         222  0.524987221    
         223  0.463322639    
         224   6.51936531E-02
         225  0.713422298    
         226  0.488943100    
         227  0.667678833    
         228  0.682049036    
         229  0.199554682    
         230  0.916633844    
         231  0.865882635    
         232  0.890018463    
         233  0.543948174    
         234  0.139194965    
         235  0.450347424    
         236  0.989362478    
         237  0.215531826    
         238  0.446023226    
         239  0.315732241    
         240  0.514659405    
         241  0.881504059    
         242  0.439725399    
         243  0.467531681    
         244  0.806649685    
         245  0.365157843    
         246  0.211518764    
         247  0.999116421    
         248  0.153604269    
         249  0.630488157    
         250  0.616350174    
         251   5.94854355E-04
         252   8.78810883E-04
         253  0.773351908    
         254  0.727334976    
         255  0.319177389    
         256  0.417723656    
         257  0.682494164    
         258  0.680561781    
         259  0.205261707    
         260  0.836419821    
         261  0.708920479    
         262  0.828707933    
         263   9.45487022E-02
         264   8.17375183E-02
         265  0.764004707    
         266  0.629571676    
         267  0.213852167    
         268  0.213546753    
         269   8.10606480E-02
         270  0.388823032    
         271  0.952159643    
         272  0.947545052    
         273  0.389853477    
         274  0.269214630    
         275  0.692168951    
         276  0.284034967    
         277  0.776865721    
         278  0.783864975    
         279  0.422459602    
         280  0.282155752    
         281  0.193967342    
         282   1.13160610E-02
         283  0.191823721    
         284  0.983235598    
         285  0.244054079    
         286  0.819725990    
         287  0.136454821    
         288  0.398143530    
         289  0.601010084    
         290  0.176880360    
         291  0.828354597    
         292  0.157731056    
         293  0.987936974    
         294  0.257168531    
         295  0.233599186    
         296  0.101637363    
         297  0.219410419    
         298  0.634717226    
         299  0.696007252    
         300  0.794769764    
         301  0.696242809    
         302  0.752940178    
         303  0.669520617    
         304  0.633429766    
         305   5.64405918E-02
         306  0.598216534    
         307  0.227007627    
         308  0.318777800    
         309  0.699834347    
         310  0.117436886    
         311  0.762570620    
         312  0.526123047    
         313  0.553911209    
         314  0.587988853    
         315  0.329666376    
         316  0.702989340    
         317  0.143045187    
         318  0.161687613    
         319  0.485325098    
         320  0.860225677    
         321  0.813265562    
         322  0.556835651    
         323  0.738996506    
         324  0.316007137    
         325  0.135332108    
         326  0.528548241    
         327  0.310738802    
         328  0.588119030    
         329  0.518083572    
         330  0.430847645    
         331  0.258842707    
         332  0.370226145    
         333  0.393017530    
         334  0.446865797    
         335  0.475896120    
         336  0.387831211    
         337  0.279292822    
         338   7.82630444E-02
         339  0.369741917    
         340  0.253922224    
         341  0.671783924    
         342  0.676236868    
         343  0.513936281    
         344  0.728608131    
         345  0.720767736    
         346  0.944752693    
         347  0.460697174    
         348  0.940162897    
         349  0.321559906    
         350  0.460433960    
         351  0.517145157    
         352  0.661355495    
         353  0.401832819    
         354  0.605639696    
         355  0.986502647    
         356  0.150393724    
         357  0.670098305    
         358  0.343817472    
         359  0.541710138    
         360  0.522807598    
         361  0.829238653    
         362   1.49505138E-02
         363  0.274209499    
         364  0.642978668    
         365  0.546136379    
         366  0.917847633    
         367  0.266613245    
         368  0.970086575    
         369  0.246732950    
         370  0.843975306    
         371  0.694023609    
         372  0.455751419    
         373  0.817101240    
         374   2.20835209E-02
         375  0.160748720    
         376  0.706949949    
         377  0.707826138    
         378  0.436638355    
         379  0.582421064    
         380  0.751709938    
         381  0.991532803    
         382  0.695678949    
         383  0.279511690    
         384  0.753862619    
         385  0.171178818    
         386   4.25386429E-03
         387  0.495691061    
         388   7.99167156E-02
         389  0.163080931    
         390  0.903301001    
         391  0.782991886    
         392  0.746679068    
         393  0.436425447    
         394   6.34145737E-03
         395  0.584787130    
         396  0.518478394    
         397   6.68497086E-02
         398  0.544022560    
         399  0.389731407    
         400  0.215825796    
         401  0.385769367    
         402  0.626861334    
         403  0.659053326    
         404  0.709319830    
         405  0.538661242    
         406  0.280288696    
         407  0.815932035    
         408  0.371909618    
         409  0.686101437    
         410  0.310168743    
         411   9.34743881E-03
         412  0.103797197    
         413  0.520959854    
         414  0.775880098    
         415  0.220685005    
         416   5.52787781E-02
         417   7.06348419E-02
         418  0.160273790    
         419  0.723763704    
         420  0.297022104    
         421   5.06024361E-02
         422  0.477804184    
         423  0.457161665    
         424  0.519988298    
         425  0.446489573    
         426  0.150311470    
         427  0.285942316    
         428  0.833682060    
         429  0.695637226    
         430  0.577775955    
         431  0.681164265    
         432  0.331174850    
         433   5.74750900E-02
         434  0.986882925    
         435  0.542392969    
         436   1.65724754E-03
         437  0.856192589    
         438   2.93552876E-02
         439  0.377550364    
         440  0.489651680    
         441  0.576172829    
         442  0.738958597    
         443  0.679332018    
         444  0.536266565    
         445   3.55875492E-02
         446  0.122506857    
         447  0.973355532    
         448  0.188275576    
         449  0.351318598    
         450  0.614125490    
         451  0.607611418    
         452  0.125932693    
         453  0.552861929    
         454  0.954028368    
         455  0.356924772    
         456  0.838101625    
         457  0.974252224    
         458  0.259014130    
         459  0.251527548    
         460  0.424335718    
         461  0.813047886    
         462  0.897914171    
         463  0.244585991    
         464  0.760617256    
         465  0.694856405    
         466  0.451851130    
         467  0.263620138    
         468  0.665503263    
         469  0.116570950    
         470  0.209562302    
         471  0.113675594    
         472  0.546974659    
         473   6.07919693E-03
         474  0.175974131    
         475  0.599359274    
         476  0.431908131    
         477   8.25064182E-02
         478  0.687414408    
         479  0.375309944    
         480  0.836206436    
         481  0.123637199    
         482  0.973345995    
         483   2.96351910E-02
         484   8.03530216E-02
         485  0.494244576    
         486  0.769437313    
         487  0.934030294    
         488  0.250155210    
         489  0.359657764    
         490  0.769114017    
         491  0.499955177    
         492  0.749251604    
         493  0.671903372    
         494  0.681665659    
         495  0.756770134    
         496   3.63674164E-02
         497  0.230571747    
         498  0.221667290    
         499  0.562602043    
         500  0.652621746    
         501  0.616610289    
         502  0.371465683    
         503  0.224801064    
         504  0.233691454    
         505  0.653011560    
         506  0.165927410    
         507  0.744104147    
         508  0.159757614    
         509   4.76384163E-02
         510  0.661993504    
         511  0.124944687    
         512  0.949157000    
         513  0.484180450    
         514  0.621045589    
         515  0.914024830    
         516   1.79443359E-02
         517  0.593545437    
         518  0.721871614    
         519  0.496581793    
         520   5.36942482E-02
         521  0.441632509    
         522  0.519174814    
         523  0.771944046    
         524   6.53562546E-02
         525  0.442790270    
         526  0.977180004    
         527  0.467741251    
         528  0.329056025    
         529  0.445929766    
         530  0.743273735    
         531  0.205341101    
         532  0.171379328    
         533  0.372519732    
         534  0.939725399    
         535  0.964851141    
         536  0.254957438    
         537   7.03351498E-02
         538  0.123848677    
         539  0.526337624    
         540  0.160083055    
         541  0.517707109    
         542  0.105184793    
         543  0.841575861    
         544  0.368561983    
         545  0.423890352    
         546  0.327227354    
         547  0.713546515    
         548  0.576775789    
         549  0.871884108    
         550  0.758245707    
         551  0.836597681    
         552  0.699790955    
         553  0.389060020    
         554  0.935241461    
         555  0.605602503    
         556  0.362083435    
         557  0.539504528    
         558  0.455072165    
         559  0.401692152    
         560  0.240440369    
         561   8.30855370E-02
         562  0.421578646    
         563  0.472379923    
         564  0.289766312    
         565  0.104969025    
         566  0.216386080    
         567  0.802018642    
         568  0.527438879    
         569  0.668820143    
         570  0.863642693    
         571  0.243750095    
         572  0.711564302    
         573  0.263662815    
         574  0.382821321    
         575   8.10053349E-02
         576  0.459762573    
         577  0.232866764    
         578  0.795352459    
         579  0.491343021    
         580   3.22866440E-03
         581  0.266119003    
         582  0.664688826    
         583  0.425190926    
         584  0.186824560    
         585  0.963475466    
         586  0.134038925    
         587  0.795855522    
         588  0.946044445    
         589  0.171155214    
         590  0.606001139    
         591   6.38034344E-02
         592  0.347491503    
         593  0.292467833    
         594  0.509658098    
         595  0.825836420    
         596  0.834338427    
         597  0.726443052    
         598  0.329434156    
         599  0.802084208    
         600  0.631763220    
         601   4.53405380E-02
         602   4.14202213E-02
         603  0.153315067    
         604  0.767064810    
         605   6.17313385E-02
         606  0.519303083    
         607  0.929149628    
         608  0.220515490    
         609  0.204562902    
         610   8.89925957E-02
         611  0.699690819    
         612  0.706461191    
         613  0.494630814    
         614  0.261778355    
         615  0.711571217    
         616  0.378365993    
         617  0.200644493    
         618  0.232607603    
         619  0.436096191    
         620  0.469498396    
         621  0.861187220    
         622  0.977238178    
         623  0.444519043    
         624   3.42428684E-02
         625  0.523771524    
         626   3.16386223E-02
         627  0.753173590    
         628  0.591588020    
         629  0.822890997    
         630  0.329578638    
         631  0.232078075    
         632  0.536528111    
         633  0.430618286    
         634  0.403580904    
         635  0.987324715    
         636  0.966909647    
         637  0.850530386    
         638  0.867514133    
         639  0.311604977    
         640  0.148390293    
         641  0.997598410    
         642  0.639523268    
         643  0.468074560    
         644  0.931914568    
         645  0.690772533    
         646  0.815406561    
         647  0.541534424    
         648  0.572806358    
         649  0.159215927    
         650  0.945250034    
         651  0.821333647    
         652  0.155413866    
         653   4.10747528E-02
         654  0.343613148    
         655  0.110019207    
         656   9.65380669E-02
         657  0.518773079    
         658   2.24049091E-02
         659  0.561483622    
         660  0.856875896    
         661  0.516907930    
         662  0.674524546    
         663  0.737174749    
         664  0.698460102    
         665   2.27994919E-02
         666  0.191983700    
         667  0.670990944    
         668  0.345871687    
         669   6.62901402E-02
         670  0.140710354    
         671  0.921117306    
         672  0.221656322    
         673  0.380114555    
         674  0.586015701    
         675  0.167312622    
         676   2.63395309E-02
         677  0.691126347    
         678  0.762343884    
         679  0.713695288    
         680   7.73241520E-02
         681  0.589809179    
         682  0.925503016    
         683  0.929697752    
         684  0.430445910    
         685  0.505969524    
         686  0.831255913    
         687  0.919235945    
         688  0.601637602    
         689  0.723836422    
         690  0.519336462    
         691  0.490816832    
         692  0.161419392    
         693  0.976115465    
         694  0.574360132    
         695  0.273251057    
         696  0.531427145    
         697  0.698558092    
         698  0.667049170    
         699   9.74323750E-02
         700  0.548736095    
         701  0.610737562    
         702  0.667965412    
         703  0.495125294    
         704  0.571582556    
         705  0.588887930    
         706  0.441313028    
         707  0.151216745    
         708  0.502274513    
         709  0.731363773    
         710   3.16565037E-02
         711   5.16166687E-02
         712  0.522063255    
         713  0.320642233    
         714   3.50594521E-02
         715  0.245142221    
         716  0.107180357    
         717  0.382968426    
         718  0.551829338    
         719  0.597168446    
         720  0.611110449    
         721  0.935251474    
         722  0.772030115    
         723  0.513148308    
         724  0.486680984    
         725  0.650127649    
         726  0.696995735    
         727  0.407537699    
         728  0.486849308    
         729  0.479782820    
         730  0.710449934    
         731  0.534198523    
         732  0.276646852    
         733  0.605538130    
         734  0.280103683    
         735  0.703369379    
         736  0.530489445    
         737  0.938253880    
         738  0.235402584    
         739  0.413494110    
         740  0.597476006    
         741  0.783002138    
         742  0.920252323    
         743  0.681490898    
         744  0.821177244    
         745  0.527412891    
         746  0.230269670    
         747  0.143684149    
         748  0.899521112    
         749  0.251421928    
         750  0.651514530    
         751   4.81557846E-03
         752  0.935935736    
         753  0.275352955    
         754  0.858765841    
         755  0.278928518    
         756  0.952430725    
         757  0.506819725    
         758  0.122949600    
         759  0.416475296    
         760  0.702471256    
         761  0.436491013    
         762  0.107738733    
         763  0.766174793    
         764   9.98654366E-02
         765  0.441265106    
         766  0.344576359    
         767  0.297064066    
         768  0.757621050    
         769  0.338509560    
         770  0.330758333    
         771   5.56061268E-02
         772  0.573182821    
         773  0.485285997    
         774  0.202481747    
         775  0.114474535    
         776  0.974347830    
         777  0.864609480    
         778  0.491840601    
         779  0.367394686    
         780  0.804912329    
         781  0.162203789    
         782  0.159579754    
         783   5.77228069E-02
         784  0.149251223    
         785  0.468101263    
         786  0.380608082    
         787  0.883704424    
         788  0.424133301    
         789  0.412247896    
         790  0.651294470    
         791  0.308327436    
         792   6.01422787E-02
         793  0.814416409    
         794  0.897656679    
         795  0.919491768    
         796  0.901217937    
         797  0.770046234    
         798  0.170796156    
         799  0.572441816    
         800   3.14035416E-02
         801  0.803267717    
         802  0.522214413    
         803  0.861621618    
         804  0.277198076    
         805  0.869493961    
         806  0.586861849    
         807  0.389171839    
         808  0.811895370    
         809  0.525670052    
         810  0.939871311    
         811  0.420037985    
         812  0.579862356    
         813  0.749145031    
         814  0.880784035    
         815  0.338084698    
         816  0.189548492    
         817  0.743125916    
         818  0.718919277    
         819  0.879161596    
         820   7.28688240E-02
         821  0.710113525    
         822  0.879059792    
         823  0.359379292    
         824   8.98530483E-02
         825  0.161029100    
         826  0.416796207    
         827   9.64283943E-02
         828  0.674692631    
         829  0.562611580    
         830  0.813046694    
         831  0.878191710    
         832  0.769360065    
         833  0.635205269    
         834  0.896523952    
         835  0.878412724    
         836  0.486470699    
         837  0.113070488    
         838  0.377484322    
         839  0.382619381    
         840  0.687577724    
         841  0.121739388    
         842   7.68215656E-02
         843  0.143301964    
         844  0.477640629    
         845  0.708587885    
         846  0.238019228    
         847  0.390966415    
         848  0.975880623    
         849  0.628766537    
         850  0.681198597    
         851  0.908690453    
         852  0.362400055    
         853  0.859212875    
         854  0.794277906    
         855  0.428873062    
         856   7.35108852E-02
         857  0.498630524    
         858  0.483872652    
         859  0.450734615    
         860  0.499657154    
         861  0.740758657    
         862  0.932843447    
         863  0.300121546    
         864  0.146195412    
         865  0.110018253    
         866   8.03220272E-02
         867  0.972476006    
         868  0.408177376    
         869  0.238410234    
         870  0.963160038    
         871  0.833473921    
         872  0.198079824    
         873  0.129481316    
         874  0.196307421    
         875  0.339118958    
         876  0.575679064    
         877  0.440268040    
         878  0.585674524    
         879  0.432877064    
         880  0.368202448    
         881  0.382316828    
         882  0.600132465    
         883  0.429472685    
         884  0.148787260    
         885  0.670196533    
         886  0.995400429    
         887  0.698066235    
         888  0.402739763    
         889  0.849278212    
         890  0.819527149    
         891  0.793382168    
         892  0.374249220    
         893   9.60779190E-03
         894  0.479778528    
         895  0.639057875    
         896  0.646495104    
         897  0.644897699    
         898  0.799034595    
         899  0.377363920    
         900  0.357671738    
         901  0.389500380    
         902  0.334306717    
         903  0.693588495    
         904  0.144897223    
         905  0.291525364    
         906  0.666856289    
         907  0.854365110    
         908  0.314698696    
         909  0.144142389    
         910  0.602249384    
         911   5.58805466E-03
         912  0.920829296    
         913  0.381954908    
         914  0.516531467    
         915  0.344455481    
         916  0.264133453    
         917  0.290999651    
         918  0.833647966    
         919  0.124390602    
         920  0.634619236    
         921   4.86972332E-02
         922  0.458045721    
         923  0.376816511    
         924  0.155872822    
         925  0.755855560    
         926  0.665973186    
         927   1.15303993E-02
         928  0.794880629    
         929  0.560914278    
         930  0.288654327    
         931  0.415560007    
         932  0.320611238    
         933  0.514590263    
         934  0.719155073    
         935  0.842043877    
         936  0.231895208    
         937  0.465006828    
         938  0.373359203    
         939   5.00428677E-02
         940   7.38501549E-02
         941  0.202449322    
         942  0.566182613    
         943  0.831523895    
         944  0.422552347    
         945  0.839548349    
         946  0.293043375    
         947  0.181195736    
         948  0.357525587    
         949  0.934109926    
         950  0.589419127    
         951  0.369040251    
         952  0.463058710    
         953  0.627830267    
         954  0.944452047    
         955  0.405786276    
         956   5.04815578E-02
         957  0.444849968    
         958  0.595927000    
         959  0.748311043    
         960  0.864171505    
         961  0.131022930    
         962  0.104579210    
         963  0.665307999    
         964  0.833377600    
         965  0.581285000    
         966  0.658593416    
         967  0.982032299    
         968   1.89158916E-02
         969  0.921472788    
         970  0.194678783    
         971  0.967723131    
         972  0.523072243    
         973  0.278795719    
         974  0.719794750    
         975  0.590458393    
         976  0.837081671    
         977  0.834691286    
         978  0.659887552    
         979  0.730448008    
         980  0.643026590    
         981  0.349529028    
         982  0.534876108    
         983  0.664147139    
         984  0.323428869    
         985  0.869187832    
         986  0.442370176    
         987  0.917967081    
         988  0.276667356    
         989  0.951753139    
         990  0.117237806    
         991  0.416007280    
         992  0.836375237    
         993  0.962535381    
         994  0.332928181    
         995  0.526181698    
         996  0.535956144    
         997  0.818107128    
         998  0.929889917    
         999  0.662892818    
        1000  0.243228436    
