   6.28000009E-04   113.933250    
   1.25600002E-03   186.290482    
   1.88400003E-03   282.880219    
   2.51200004E-03   129.013840    
   3.14000016E-03   87.7685928    
   3.76800005E-03   99.0405731    
   4.39600041E-03   41.5522690    
   5.02400007E-03   409.177185    
   5.65200020E-03   290.136353    
   6.28000032E-03   92.8320389    
   6.90799998E-03   173.976547    
   7.53600011E-03   255.660110    
   8.16399977E-03   105.248917    
   8.79200082E-03   423.542358    
   9.42000002E-03   425.549988    
   1.00480001E-02   661.097351    
   1.06760003E-02   284.443939    
   1.13040004E-02   259.307251    
   1.19320005E-02   474.413483    
   1.25600006E-02   277.810272    
   1.31880008E-02   224.612778    
   1.38160000E-02   409.110748    
   1.44440001E-02   750.763428    
   1.50720002E-02   556.599304    
   1.56999994E-02   1172.67468    
   1.63279995E-02   466.809998    
   1.69560015E-02   454.310089    
   1.75840016E-02   1843.89941    
   1.82120018E-02   1342.10962    
   1.88400000E-02   1209.25964    
   1.94680002E-02   722.116882    
   2.00960003E-02   2534.53296    
   2.07240004E-02   1846.96570    
   2.13520005E-02   1493.44861    
   2.19800007E-02   1525.43982    
   2.26080008E-02   460.401093    
   2.32360009E-02   2106.80884    
   2.38640010E-02   220.839401    
   2.44920012E-02   1316.30334    
   2.51200013E-02   393.016937    
   2.57480014E-02   733.711304    
   2.63760015E-02   943.189575    
   2.70040017E-02   710.263611    
   2.76319999E-02   842.741272    
   2.82600001E-02   982.109253    
   2.88880002E-02   337.185089    
   2.95160003E-02   374.693390    
   3.01440004E-02   724.802307    
   3.07720006E-02   189.360168    
   3.13999988E-02   373.667267    
